Aufgabe 22:
a)  insertion sort
0:	16,19,33,10,24,23,41,36,35
1:	16,19,33,10,24,23,41,36,35
2:	16,19,33,10,24,23,41,36,35
3:	16,19,33,10,24,23,41,36,35
4:	10,16,19,33,24,23,41,36,35
5:	10,16,19,24,33,23,41,36,35
6:	10,16,19,23,24,33,41,36,35
7:	10,16,19,23,24,33,41,36,35
8:	10,16,19,23,24,33,36,41,35
9:	10,16,19,23,24,33,35,36,41

b)  bubble sort
0:	16,19,33,10,24,23,41,36,35
1:	16,19,10,24,23,33,36,35,41
2:	16,10,19,23,24,33,35,36,41
3:	10,16,19,23,24,33,35,36,41

c)  selection sort
0:	16,19,33,10,24,23,41,36,35
1:	10,16,19,33,24,23,41,36,35
2:	10,16,19,33,24,23,41,36,35
3:	10,16,19,33,24,23,41,36,35
4:	10,16,19,23,33,24,41,36,35
5:	10,16,19,23,24,33,41,36,35
6:	10,16,19,23,24,33,41,36,35
7:	10,16,19,23,24,33,35,41,36
8:	10,16,19,23,24,33,35,36,41
9:	10,16,19,23,24,33,35,36,41

d) merge sort
    16,19,33,10,24,23,41,36,35
16,19,33,10        24,23,41,36,35 				//Aufteilen
16,19    33,10     24,23   41,36,35
16 19    33 10     24 23   41   36,35

16 19    33 10    24 23    41    36 35          ------

16 19    10 33    23 24    41    35,36
16,19    10,33    23,24    35,36,41
10,16,19,33       23,24,35,36,41    			//Zusammenfügen
10,16,19,23,24,33,35,36,41


e)  quicksort						--Pivot
0:	16,19,33,10,24,23,41,36,35		--24
1:  16,19,10,23  24  33,41,36,35    --19 bzw. --41
2:	16,10  19  23  24  33,36,35 41  --16 bzw. --36
3:	10 16 19 23 24 33,35 36 41      --33
4:  10 16 19 23 24 33 35 36 41
