Aufgabe 38:
4,3,2,1,8,7,6,5,0,9
Einfügen:
1)		4()

2)		4(-)
	3(0)

3)		3()		--Rotation
	2()		4()

4)		3(-)
	2(-)		4()
    1()

5)		3()
	2(-)		4(+)
    1()			       8()

6)		3()		--Doppelrotation
	2(-)		7()
   1()		   4()		8()

7)		3(+)
	2(-)		7(-)
   1()		   4(+)		8()
		      6()

8)		3(+)		--Doppelrotation
	2(-)		7(-)
   1()		    5()	      8()
		  4()  6()

9)		3(+)		--Rotation
	1()		7(-)
     0()    2()	    5()	      8()
		  4() 6()

10)		3(+)		--Rotation
	1()		7()
     0()    2()	    5()	      8(+)
		  4() 6()        9()

Entfernen:
9,0,5,6,7,8,1,2,3,4

1)		3(+)		
	1()		7(-)
     0()    2()	    5()	      8()
		  4() 6()        

2)		3(+)		
	1(+)		7(-)
           2()	    5()	      8()
		  4() 6()        

3)		3(+)		
	1(+)		7(-)
           2()	    5()	      8()
		  4() 6()  

4)		3(+)		
	1(+)		7(-)
           2()	    4(+)      8()
		        6()  

5)		3()		
	1(+)		7()
           2()	    4()      8()

6)		3()		
	1(+)		4(+)
           2()	           8()

7)		3(-)		
	1(+)		4()
           2()	           

8)		3()		
	2()		4()
        	           

9)		3(+)		
			4()
        	           
10)		4()

11) 
